Name: Body1
Mass: 200000.0
Initial Position: (0.0,0.0,0.0)
Initial Velocity: (0.0,0.0,0.0)
Name: Body2
Mass: 100.0
Initial Position: (100000.0,0.0,0.0)
Initial Velocity: (0.0,0.0,-50.0)
Body1
[(1.3417625802866521e-10, 0.0, -1.2115940405006357e-10), (2.709815522079665e-10, 0.0, -2.5276293739724976e-10), (4.077957430565059e-10, 0.0, -3.8513431276639183e-10), (5.446121584204282e-10, 0.0, -5.178201013773251e-10), (6.814294636248187e-10, 0.0, -6.506781771132528e-10), (8.182472137564991e-10, 0.0, -7.836452298060404e-10), (9.550652181344164e-10, 0.0, -9.166874870769168e-10), (1.0918833814169888e-09, 0.0, -1.049784789565674e-09), (1.2287016506363234e-09, 0.0, -1.1829241339703365e-09), (1.3655199940115402e-09, 0.0, -1.3160966416824512e-09), (1.5023383913183876e-09, 0.0, -1.4492959799297552e-09), (1.6391568290740006e-09, 0.0, -1.5825174728155964e-09), (1.7759752979440766e-09, 0.0, -1.7157575694058188e-09), (1.9127937912612417e-09, 0.0, -1.8490135094992149e-09), (2.049612304136092e-09, 0.0, -1.9822831049869425e-09), (2.1864308329015643e-09, 0.0, -2.1155645919190004e-09), (2.3232493747534386e-09, 0.0, -2.2488565274973043e-09), (2.460067927510651e-09, 0.0, -2.382157716556044e-09), (2.596886489451301e-09, 0.0, -2.5154671579460352e-09), (2.733705059197883e-09, 0.0, -2.6487840046876405e-09), (2.8705236356352626e-09, 0.0, -2.7821075338557155e-09), (3.007342217851058e-09, 0.0, -2.9154371234766906e-09), (3.144160805091564e-09, 0.0, -3.0487722345653655e-09), (3.280979396728692e-09, 0.0, -3.182112396987546e-09), (3.417797992234845e-09, 0.0, -3.3154571982105635e-09), (3.554616591163608e-09, 0.0, -3.44880627426144e-09), (3.6914351931346788e-09, 0.0, -3.5821593023924228e-09), (3.8282537978221065e-09, 0.0, -3.7155159950810253e-09), (3.965072404944871e-09, 0.0, -3.8488760950833605e-09), (4.10189101425944e-09, 0.0, -3.982239371326524e-09), (4.2387096255537226e-09, 0.0, -4.1156056154746015e-09), (4.375528238642118e-09, 0.0, -4.248974639040243e-09), (4.512346853361516e-09, 0.0, -4.3823462709406665e-09), (4.649165469568018e-09, 0.0, -4.515720355418697e-09), (4.785984087134144e-09, 0.0, -4.6490967502652026e-09), (4.922802705946588e-09, 0.0, -4.782475325292058e-09), (5.0596213259043135e-09, 0.0, -4.915855961014316e-09), (5.196439946916895e-09, 0.0, -5.04923854750819e-09), (5.333258568903181e-09, 0.0, -5.182622983417359e-09), (5.470077191790162e-09, 0.0, -5.3160091750851966e-09), (5.606895815511885e-09, 0.0, -5.44939703579401e-09), (5.7437144400088005e-09, 0.0, -5.5827864850961915e-09), (5.880533065226792e-09, 0.0, -5.716177448223825e-09), (6.01735169111669e-09, 0.0, -5.8495698555663255e-09), (6.154170317633709e-09, 0.0, -5.9829636422068e-09), (6.2909889447369365e-09, 0.0, -6.116358747509308e-09), (6.427807572388963e-09, 0.0, -6.249755114750493e-09), (6.564626200555492e-09, 0.0, -6.3831526907901014e-09), (6.701444829205017e-09, 0.0, -6.516551425775388e-09), (6.8382634583085646e-09, 0.0, -6.649951272875383e-09), (6.975082087839435e-09, 0.0, -6.783352188041531e-09), (7.111900717772951e-09, 0.0, -6.916754129791584e-09), (7.24871934808633e-09, 0.0, -7.050157059013972e-09), (7.3855379787584766e-09, 0.0, -7.18356093879056e-09), (7.522356609769816e-09, 0.0, -7.316965734235615e-09), (7.659175241102178e-09, 0.0, -7.450371412349387e-09), (7.795993872738665e-09, 0.0, -7.583777941884473e-09), (7.932812504663547e-09, 0.0, -7.71718529322391e-09), (8.069631136862173e-09, 0.0, -7.850593438269804e-09), (8.206449769320834e-09, 0.0, -7.984002350341009e-09), (8.343268402026766e-09, 0.0, -8.117412004079504e-09), (8.48008703496798e-09, 0.0, -8.250822375364484e-09), (8.616905668133287e-09, 0.0, -8.384233441232908e-09), (8.753724301512179e-09, 0.0, -8.517645179806797e-09), (8.8905429350948e-09, 0.0, -8.651057570225797e-09), (9.027361568871883e-09, 0.0, -8.784470592585068e-09), (9.164180202834708e-09, 0.0, -8.917884227877789e-09), (9.300998836975117e-09, 0.0, -9.051298457941957e-09), (9.437817471285363e-09, 0.0, -9.184713265411061e-09), (9.574636105758179e-09, 0.0, -9.318128633668245e-09), (9.711454740386691e-09, 0.0, -9.451544546803826e-09), (9.84827337516441e-09, 0.0, -9.584960989575672e-09), (9.985092010085207e-09, 0.0, -9.71837794737246e-09), (1.0121910645143272e-08, 0.0, -9.851795406179205e-09), (1.0258729280333122e-08, 0.0, -9.985213352545413e-09), (1.0395547915649558e-08, 0.0, -1.011863177355499e-08), (1.0532366551087643e-08, 0.0, -1.0252050656798437e-08), (1.0669185186642706e-08, 0.0, -1.038546999034662e-08), (1.0806003822310297e-08, 0.0, -1.05188897627264e-08), (1.0942822458086196e-08, 0.0, -1.0652309962897491e-08), (1.1079641093966393e-08, 0.0, -1.0785730580231093e-08), (1.121645972994707e-08, 0.0, -1.0919151604489791e-08), (1.1353278366024602e-08, 0.0, -1.1052573025808304e-08), (1.1490097002195528e-08, 0.0, -1.1185994834675888e-08), (1.1626915638456555e-08, 0.0, -1.1319417021919458e-08), (1.1763734274804527e-08, 0.0, -1.1452839578687816e-08), (1.1900552911236458e-08, 0.0, -1.158626249643676e-08), (1.2037371547749479e-08, 0.0, -1.1719685766914988e-08), (1.2174190184340859e-08, 0.0, -1.1853109382150973e-08), (1.2311008821007985e-08, 0.0, -1.1986533334440421e-08), (1.2447827457748363e-08, 0.0, -1.2119957616334377e-08), (1.2584646094559603e-08, 0.0, -1.2253382220628187e-08), (1.2721464731439414e-08, 0.0, -1.2386807140350793e-08), (1.2858283368385621e-08, 0.0, -1.2520232368754924e-08), (1.2995102005396114e-08, 0.0, -1.265365789930741e-08), (1.3131920642468883e-08, 0.0, -1.2787083725680337e-08), (1.3268739279602013e-08, 0.0, -1.292050984174257e-08), (1.3405557916793645e-08, 0.0, -1.3053936241551615e-08), (1.3542376554042016e-08, 0.0, -1.3187362919345954e-08)]
Body2
[(99999.99999972883, 0.0, -4999999.9999999115), (99999.99999945234, 0.0, -9999999.99999991), (99999.99999917585, 0.0, -14999999.99999991), (99999.99999889937, 0.0, -19999999.99999991), (99999.99999862288, 0.0, -24999999.99999991), (99999.9999983464, 0.0, -29999999.99999991), (99999.9999980699, 0.0, -34999999.99999991), (99999.99999779342, 0.0, -39999999.99999991), (99999.99999751693, 0.0, -44999999.99999991), (99999.99999724045, 0.0, -49999999.99999991), (99999.99999696396, 0.0, -54999999.99999991), (99999.99999668747, 0.0, -59999999.99999991), (99999.99999641099, 0.0, -64999999.99999991), (99999.9999961345, 0.0, -69999999.99999991), (99999.99999585802, 0.0, -74999999.99999991), (99999.99999558153, 0.0, -79999999.99999991), (99999.99999530504, 0.0, -84999999.99999991), (99999.99999502856, 0.0, -89999999.99999991), (99999.99999475207, 0.0, -94999999.99999991), (99999.99999447558, 0.0, -99999999.99999991), (99999.9999941991, 0.0, -104999999.99999991), (99999.99999392261, 0.0, -109999999.99999991), (99999.99999364612, 0.0, -114999999.99999991), (99999.99999336964, 0.0, -119999999.99999991), (99999.99999309315, 0.0, -124999999.99999991), (99999.99999281667, 0.0, -129999999.99999991), (99999.99999254018, 0.0, -134999999.9999999), (99999.99999226369, 0.0, -139999999.9999999), (99999.9999919872, 0.0, -144999999.9999999), (99999.99999171072, 0.0, -149999999.9999999), (99999.99999143423, 0.0, -154999999.9999999), (99999.99999115775, 0.0, -159999999.9999999), (99999.99999088126, 0.0, -164999999.9999999), (99999.99999060477, 0.0, -169999999.9999999), (99999.99999032829, 0.0, -174999999.9999999), (99999.9999900518, 0.0, -179999999.9999999), (99999.99998977532, 0.0, -184999999.9999999), (99999.99998949883, 0.0, -189999999.9999999), (99999.99998922234, 0.0, -194999999.9999999), (99999.99998894586, 0.0, -199999999.9999999), (99999.99998866937, 0.0, -204999999.9999999), (99999.99998839288, 0.0, -209999999.9999999), (99999.9999881164, 0.0, -214999999.9999999), (99999.99998783991, 0.0, -219999999.9999999), (99999.99998756342, 0.0, -224999999.9999999), (99999.99998728694, 0.0, -229999999.9999999), (99999.99998701045, 0.0, -234999999.9999999), (99999.99998673396, 0.0, -239999999.9999999), (99999.99998645748, 0.0, -244999999.9999999), (99999.99998618099, 0.0, -249999999.9999999), (99999.9999859045, 0.0, -254999999.9999999), (99999.99998562802, 0.0, -259999999.9999999), (99999.99998535153, 0.0, -264999999.9999999), (99999.99998507505, 0.0, -269999999.9999999), (99999.99998479856, 0.0, -274999999.9999999), (99999.99998452207, 0.0, -279999999.9999999), (99999.99998424559, 0.0, -284999999.9999999), (99999.9999839691, 0.0, -289999999.9999999), (99999.99998369261, 0.0, -294999999.9999999), (99999.99998341613, 0.0, -299999999.9999999), (99999.99998313964, 0.0, -304999999.9999999), (99999.99998286316, 0.0, -309999999.9999999), (99999.99998258667, 0.0, -314999999.9999999), (99999.99998231018, 0.0, -319999999.9999999), (99999.9999820337, 0.0, -324999999.9999999), (99999.99998175721, 0.0, -329999999.9999999), (99999.99998148072, 0.0, -334999999.9999999), (99999.99998120424, 0.0, -339999999.9999999), (99999.99998092775, 0.0, -344999999.9999999), (99999.99998065126, 0.0, -349999999.9999999), (99999.99998037478, 0.0, -354999999.9999999), (99999.99998009829, 0.0, -359999999.9999999), (99999.9999798218, 0.0, -364999999.9999999), (99999.99997954532, 0.0, -369999999.9999999), (99999.99997926883, 0.0, -374999999.9999999), (99999.99997899235, 0.0, -379999999.9999999), (99999.99997871586, 0.0, -384999999.9999999), (99999.99997843937, 0.0, -389999999.9999999), (99999.99997816289, 0.0, -394999999.9999999), (99999.9999778864, 0.0, -399999999.9999999), (99999.99997760991, 0.0, -404999999.9999999), (99999.99997733343, 0.0, -409999999.9999999), (99999.99997705694, 0.0, -414999999.9999999), (99999.99997678045, 0.0, -419999999.9999999), (99999.99997650397, 0.0, -424999999.9999999), (99999.99997622748, 0.0, -429999999.9999999), (99999.999975951, 0.0, -434999999.9999999), (99999.99997567451, 0.0, -439999999.9999999), (99999.99997539802, 0.0, -444999999.9999999), (99999.99997512154, 0.0, -449999999.9999999), (99999.99997484505, 0.0, -454999999.9999999), (99999.99997456856, 0.0, -459999999.9999999), (99999.99997429208, 0.0, -464999999.9999999), (99999.99997401559, 0.0, -469999999.9999999), (99999.9999737391, 0.0, -474999999.9999999), (99999.99997346262, 0.0, -479999999.9999999), (99999.99997318613, 0.0, -484999999.9999999), (99999.99997290965, 0.0, -489999999.9999999), (99999.99997263316, 0.0, -494999999.9999999)]
